-1.408171804522562e-04 1.860018298166350e-05 0.000000000000000e+00 0.000000000000000e+00
-1.413740628437469e-04 1.725575062549169e-05 0.000000000000000e+00 0.000000000000000e+00
-1.413740646573705e-04 1.091803292632301e-05 0.000000000000000e+00 0.000000000000000e+00
-1.408171823267569e-04 9.573599385092094e-06 0.000000000000000e+00 0.000000000000000e+00
-1.394727476336591e-04 1.915706501295659e-05 0.000000000000000e+00 0.000000000000000e+00
-1.369512025783513e-04 1.408689306611224e-05 0.000000000000000e+00 0.000000000000000e+00
-1.394727492479531e-04 9.016716694273108e-06 0.000000000000000e+00 0.000000000000000e+00
-1.300068019532783e-04 1.915706430434619e-05 0.000000000000000e+00 0.000000000000000e+00
-1.300067891340425e-04 9.016715985586486e-06 0.000000000000000e+00 0.000000000000000e+00
-1.247810044228314e-04 1.408688765230058e-05 0.000000000000000e+00 0.000000000000000e+00
-1.205407712145136e-04 1.915706144458118e-05 0.000000000000000e+00 0.000000000000000e+00
-1.205408989516465e-04 9.016718436565921e-06 0.000000000000000e+00 0.000000000000000e+00
-1.158078174714275e-04 1.408698739589605e-05 0.000000000000000e+00 0.000000000000000e+00
-1.110751227686932e-04 1.915681722284336e-05 0.000000000000000e+00 0.000000000000000e+00
-1.110741687395440e-04 9.016696807991766e-06 0.000000000000000e+00 0.000000000000000e+00
-1.063405199778191e-04 1.408671955443352e-05 0.000000000000000e+00 0.000000000000000e+00
-1.016086079016238e-04 1.915346923342532e-05 0.000000000000000e+00 0.000000000000000e+00
-1.016065887040526e-04 9.019245849100932e-06 0.000000000000000e+00 0.000000000000000e+00
-9.687440949524417e-05 1.408609147485723e-05 0.000000000000000e+00 0.000000000000000e+00
-9.214988396911457e-05 1.913937403570952e-05 0.000000000000000e+00 0.000000000000000e+00
-9.214786479781055e-05 9.032276791325202e-06 0.000000000000000e+00 0.000000000000000e+00
-8.742789718232836e-05 1.408546340931845e-05 0.000000000000000e+00 0.000000000000000e+00
-8.272838418809670e-05 1.910449596835750e-05 0.000000000000000e+00 0.000000000000000e+00
-8.272742995204471e-05 9.066355908798815e-06 0.000000000000000e+00 0.000000000000000e+00
-7.804143786928023e-05 1.408519541120407e-05 0.000000000000000e+00 0.000000000000000e+00
-7.339431508955904e-05 1.904119120423816e-05 0.000000000000000e+00 0.000000000000000e+00
-7.339444439013966e-05 9.129395199291068e-06 0.000000000000000e+00 0.000000000000000e+00
-6.877141462323544e-05 1.408529707726730e-05 0.000000000000000e+00 0.000000000000000e+00
-6.420780159168325e-05 1.894659706568856e-05 0.000000000000000e+00 0.000000000000000e+00
-6.420778254985255e-05 9.223990765668620e-06 0.000000000000000e+00 0.000000000000000e+00
-5.967793581436738e-05 1.408528158640572e-05 0.000000000000000e+00 0.000000000000000e+00
-5.522716716708188e-05 1.882046956677868e-05 0.000000000000000e+00 0.000000000000000e+00
-5.522717841915374e-05 9.350159805122962e-06 0.000000000000000e+00 0.000000000000000e+00
-5.081959707362469e-05 1.408521280023856e-05 0.000000000000000e+00 0.000000000000000e+00
-4.651002332487872e-05 1.866225912481156e-05 0.000000000000000e+00 0.000000000000000e+00
-4.650954160203803e-05 9.508916751186933e-06 0.000000000000000e+00 0.000000000000000e+00
-4.242246244074630e-05 1.408393892741554e-05 0.000000000000000e+00 0.000000000000000e+00
-3.844647943363062e-05 1.847563396644966e-05 0.000000000000000e+00 0.000000000000000e+00
-3.844512171932710e-05 9.702590688400800e-06 0.000000000000000e+00 0.000000000000000e+00
-3.549616870962360e-05 1.441674703054541e-05 0.000000000000000e+00 0.000000000000000e+00
-3.259540592691850e-05 1.829956899795341e-05 0.000000000000000e+00 0.000000000000000e+00
-3.259044274223554e-05 9.884485350939368e-06 0.000000000000000e+00 0.000000000000000e+00
-2.850655629990840e-05 1.814465962065167e-05 0.000000000000000e+00 0.000000000000000e+00
-2.925658113737084e-05 1.548813567604533e-05 0.000000000000000e+00 0.000000000000000e+00
-2.849877256568146e-05 1.000164733284171e-05 0.000000000000000e+00 0.000000000000000e+00
-2.562075526025718e-05 1.012709765013449e-05 0.000000000000000e+00 0.000000000000000e+00
3.612570757531180e-06 4.941539999338213e-07 0.000000000000000e+00 0.000000000000000e+00
3.684390161065852e-06 3.214094851473770e-07 0.000000000000000e+00 0.000000000000000e+00
3.683979776011953e-06 -3.219841678826883e-07 0.000000000000000e+00 0.000000000000000e+00
3.612525092802064e-06 -4.923155819193013e-07 0.000000000000000e+00 0.000000000000000e+00
-2.560878744706420e-05 1.803525942820016e-05 0.000000000000000e+00 0.000000000000000e+00
-2.307701726642807e-05 1.779135715405642e-05 0.000000000000000e+00 0.000000000000000e+00
-2.499627913822200e-05 1.309961348149715e-05 0.000000000000000e+00 0.000000000000000e+00
-2.304021422697365e-05 1.003757424918869e-05 0.000000000000000e+00 0.000000000000000e+00
3.440593926168932e-06 5.655955763913205e-07 0.000000000000000e+00 0.000000000000000e+00
3.267318611805002e-06 -1.400416362063768e-07 0.000000000000000e+00 0.000000000000000e+00
3.442048074562846e-06 -5.634264720335214e-07 0.000000000000000e+00 0.000000000000000e+00
-2.224483266780780e-05 1.537555115011899e-05 0.000000000000000e+00 0.000000000000000e+00
-2.063697871298329e-05 1.724321757535120e-05 0.000000000000000e+00 0.000000000000000e+00
-1.834603291464212e-05 1.646851750654556e-05 0.000000000000000e+00 0.000000000000000e+00
-2.148535077683948e-05 1.214309177118882e-05 0.000000000000000e+00 0.000000000000000e+00
-2.064433630066708e-05 9.556629603219272e-06 0.000000000000000e+00 0.000000000000000e+00
2.275030405465138e-06 5.843958321737003e-07 0.000000000000000e+00 0.000000000000000e+00
2.274094959699378e-06 -5.840623474224002e-07 0.000000000000000e+00 0.000000000000000e+00
1.670194282424281e-06 -2.872472534152220e-11 0.000000000000000e+00 0.000000000000000e+00
-1.623712218571830e-05 1.543084049216752e-05 0.000000000000000e+00 0.000000000000000e+00
-1.801678101463521e-05 1.405581553266173e-05 0.000000000000000e+00 0.000000000000000e+00
-1.879688327183163e-05 1.110673326250606e-05 0.000000000000000e+00 0.000000000000000e+00
-1.846902897675167e-05 8.725186396648589e-06 0.000000000000000e+00 0.000000000000000e+00
1.014980972242300e-06 6.923730644763669e-07 0.000000000000000e+00 0.000000000000000e+00
1.015128020099323e-06 -6.922881449809490e-07 0.000000000000000e+00 0.000000000000000e+00
2.696426480257343e-07 7.635397820122299e-11 0.000000000000000e+00 0.000000000000000e+00
-1.429983481898992e-05 1.421473231406337e-05 0.000000000000000e+00 0.000000000000000e+00
-1.259403980800085e-05 1.284108112476477e-05 0.000000000000000e+00 0.000000000000000e+00
-1.610823130765649e-05 1.066645540326000e-05 0.000000000000000e+00 0.000000000000000e+00
-1.656548467931363e-05 7.569392005632035e-06 0.000000000000000e+00 0.000000000000000e+00
-5.856519544290193e-07 9.264423630550459e-07 0.000000000000000e+00 0.000000000000000e+00
-5.857465012978063e-07 -9.263408910990025e-07 0.000000000000000e+00 0.000000000000000e+00
-1.303004220169621e-05 1.079482809031291e-05 0.000000000000000e+00 0.000000000000000e+00
-1.112138777778035e-05 1.130245621826130e-05 0.000000000000000e+00 0.000000000000000e+00
-1.374179118664184e-05 8.565338735204115e-06 0.000000000000000e+00 0.000000000000000e+00
-1.497138114344007e-05 6.193489806654388e-06 0.000000000000000e+00 0.000000000000000e+00
-1.527563186507042e-06 3.043634056054368e-10 0.000000000000000e+00 0.000000000000000e+00
-2.647554865589412e-06 1.264605919587282e-06 0.000000000000000e+00 0.000000000000000e+00
-2.645514437918585e-06 -1.266826209448889e-06 0.000000000000000e+00 0.000000000000000e+00
-9.845717406949754e-06 9.665072049236953e-06 0.000000000000000e+00 0.000000000000000e+00
-8.838803847019401e-06 7.998415208473184e-06 0.000000000000000e+00 0.000000000000000e+00
-8.076289000458032e-06 6.258160424959380e-06 0.000000000000000e+00 0.000000000000000e+00
-1.230695131601127e-05 6.617397479086578e-06 0.000000000000000e+00 0.000000000000000e+00
-1.370878919483913e-05 4.674610718985268e-06 0.000000000000000e+00 0.000000000000000e+00
-3.547126257755717e-06 4.472508109165172e-09 0.000000000000000e+00 0.000000000000000e+00
-4.650859633140943e-06 1.597124318817991e-06 0.000000000000000e+00 0.000000000000000e+00
-4.651989751646769e-06 -1.615087831302842e-06 0.000000000000000e+00 0.000000000000000e+00
-9.775057618874960e-06 6.243092782437638e-06 0.000000000000000e+00 0.000000000000000e+00
-7.513663821667985e-06 4.510491545676892e-06 0.000000000000000e+00 0.000000000000000e+00
-6.450121812916820e-06 1.877798701256169e-06 0.000000000000000e+00 0.000000000000000e+00
-6.960195509336400e-06 2.165456258548816e-06 0.000000000000000e+00 0.000000000000000e+00
-7.215195725750425e-06 2.762052181128718e-06 0.000000000000000e+00 0.000000000000000e+00
-1.131969314852653e-05 4.457700269450154e-06 0.000000000000000e+00 0.000000000000000e+00
-1.276560478910434e-05 3.086971528268949e-06 0.000000000000000e+00 0.000000000000000e+00
-5.641910397024541e-06 2.397846733946639e-07 0.000000000000000e+00 0.000000000000000e+00
-6.499977793795837e-06 -1.869917230508374e-06 0.000000000000000e+00 0.000000000000000e+00
-8.695390424029182e-06 3.285112477274581e-06 0.000000000000000e+00 0.000000000000000e+00
-7.017026225815246e-06 1.026844433374518e-06 0.000000000000000e+00 0.000000000000000e+00
-7.623596352053925e-06 1.961129592495864e-06 0.000000000000000e+00 0.000000000000000e+00
-1.063422246914666e-05 2.599683982161040e-06 0.000000000000000e+00 0.000000000000000e+00
-1.216316224220347e-05 1.505911298431957e-06 0.000000000000000e+00 0.000000000000000e+00
-7.090265216326068e-06 -7.956852023969853e-07 0.000000000000000e+00 0.000000000000000e+00
-7.042689887208950e-06 -2.141688472554549e-06 0.000000000000000e+00 0.000000000000000e+00
-9.069171076724810e-06 6.130010883556408e-07 0.000000000000000e+00 0.000000000000000e+00
-1.193550788758491e-05 -4.619459931431292e-08 0.000000000000000e+00 0.000000000000000e+00
-1.201268557504746e-05 -1.540436678103345e-06 0.000000000000000e+00 0.000000000000000e+00
-8.187764803064525e-06 -1.789598211064716e-06 0.000000000000000e+00 0.000000000000000e+00
-7.365730212009258e-06 -2.711208067776205e-06 0.000000000000000e+00 0.000000000000000e+00
-7.773021132094369e-06 -4.257250275178045e-06 0.000000000000000e+00 0.000000000000000e+00
-1.053437697482297e-05 -1.749159344215817e-06 0.000000000000000e+00 0.000000000000000e+00
-8.356529881253881e-06 -5.718807807977874e-06 0.000000000000000e+00 0.000000000000000e+00
-1.240525684554197e-05 -3.036707458739933e-06 0.000000000000000e+00 0.000000000000000e+00
-9.181756605095220e-06 -4.322647768277919e-06 0.000000000000000e+00 0.000000000000000e+00
-1.121886685323974e-05 -4.437217234970895e-06 0.000000000000000e+00 0.000000000000000e+00
-9.093340576890228e-06 -7.097934635033598e-06 0.000000000000000e+00 0.000000000000000e+00
-1.306185798184046e-05 -4.438963859328345e-06 0.000000000000000e+00 0.000000000000000e+00
-1.246506275192742e-05 -5.793046123881358e-06 0.000000000000000e+00 0.000000000000000e+00
-1.110284210316491e-05 -6.628609533815619e-06 0.000000000000000e+00 0.000000000000000e+00
-9.979929073175781e-06 -8.381592614636286e-06 0.000000000000000e+00 0.000000000000000e+00
-1.100542634654213e-05 -9.555984463998578e-06 0.000000000000000e+00 0.000000000000000e+00
-1.395683043955692e-05 -5.715142299627007e-06 0.000000000000000e+00 0.000000000000000e+00
-1.328066275927099e-05 -7.280491406140393e-06 0.000000000000000e+00 0.000000000000000e+00
-1.249182338150675e-05 -9.083538711366844e-06 0.000000000000000e+00 0.000000000000000e+00
-1.215762761772854e-05 -1.060670828097776e-05 0.000000000000000e+00 0.000000000000000e+00
-1.505945155875846e-05 -6.817379852416325e-06 0.000000000000000e+00 0.000000000000000e+00
-1.471510562413364e-05 -9.065661396124008e-06 0.000000000000000e+00 0.000000000000000e+00
-1.342146918374779e-05 -1.151991672620835e-05 0.000000000000000e+00 0.000000000000000e+00
-1.478080430047655e-05 -1.228379952757425e-05 0.000000000000000e+00 0.000000000000000e+00
-1.621808743400196e-05 -1.288844225984213e-05 0.000000000000000e+00 0.000000000000000e+00
-1.634372056807150e-05 -9.540660469190203e-06 0.000000000000000e+00 0.000000000000000e+00
-1.633656856416131e-05 -7.711609395642204e-06 0.000000000000000e+00 0.000000000000000e+00
-1.602306816311296e-05 -1.134138778086849e-05 0.000000000000000e+00 0.000000000000000e+00
-1.771473862842481e-05 -1.332600382537299e-05 0.000000000000000e+00 0.000000000000000e+00
-1.925139414008205e-05 -1.359082492389170e-05 0.000000000000000e+00 0.000000000000000e+00
-1.763119224644221e-05 -9.947116717934115e-06 0.000000000000000e+00 0.000000000000000e+00
-1.774943143786835e-05 -8.370441604789228e-06 0.000000000000000e+00 0.000000000000000e+00
-2.080817897757928e-05 -1.367948095248979e-05 0.000000000000000e+00 0.000000000000000e+00
-1.908060790470652e-05 -1.139991118694254e-05 0.000000000000000e+00 0.000000000000000e+00
-1.925521372759329e-05 -8.773918703120083e-06 0.000000000000000e+00 0.000000000000000e+00
-2.115290588413700e-05 -1.163076522768028e-05 0.000000000000000e+00 0.000000000000000e+00
-2.252100516792424e-05 -1.367948123773311e-05 0.000000000000000e+00 0.000000000000000e+00
-2.080817988204066e-05 -8.909785848983100e-06 0.000000000000000e+00 0.000000000000000e+00
-2.487710519657471e-05 -1.367948118877989e-05 0.000000000000000e+00 0.000000000000000e+00
-2.301816935027819e-05 -1.046724079967544e-05 0.000000000000000e+00 0.000000000000000e+00
-2.252100551255578e-05 -8.909786153889589e-06 0.000000000000000e+00 0.000000000000000e+00
-2.811438537503627e-05 -1.367948118555359e-05 0.000000000000000e+00 0.000000000000000e+00
-2.651271160433695e-05 -1.110817955666397e-05 0.000000000000000e+00 0.000000000000000e+00
-2.487710525967315e-05 -8.909786215217273e-06 0.000000000000000e+00 0.000000000000000e+00
-3.238690681749616e-05 -1.367948118505270e-05 0.000000000000000e+00 0.000000000000000e+00
-3.025064609547520e-05 -1.129463369944115e-05 0.000000000000000e+00 0.000000000000000e+00
-2.811438537176187e-05 -8.909786214300119e-06 0.000000000000000e+00 0.000000000000000e+00
-3.683938778883077e-05 -1.367948118487052e-05 0.000000000000000e+00 0.000000000000000e+00
-3.461314730325588e-05 -1.129463369938934e-05 0.000000000000000e+00 0.000000000000000e+00
-3.238690681777975e-05 -8.909786213931787e-06 0.000000000000000e+00 0.000000000000000e+00
-4.129186875973481e-05 -1.367948118468425e-05 0.000000000000000e+00 0.000000000000000e+00
-3.906562827432978e-05 -1.129463369939924e-05 0.000000000000000e+00 0.000000000000000e+00
-3.683938778879854e-05 -8.909786213948221e-06 0.000000000000000e+00 0.000000000000000e+00
-4.574434973029125e-05 -1.367948118444899e-05 0.000000000000000e+00 0.000000000000000e+00
-4.351810924508589e-05 -1.129463369937435e-05 0.000000000000000e+00 0.000000000000000e+00
-4.129186875974426e-05 -8.909786214086531e-06 0.000000000000000e+00 0.000000000000000e+00
-5.019683070039873e-05 -1.367948118418300e-05 0.000000000000000e+00 0.000000000000000e+00
-4.797059021542615e-05 -1.129463369935648e-05 0.000000000000000e+00 0.000000000000000e+00
-4.574434973029658e-05 -8.909786214283998e-06 0.000000000000000e+00 0.000000000000000e+00
-5.464931167004112e-05 -1.367948118391788e-05 0.000000000000000e+00 0.000000000000000e+00
-5.242307118530243e-05 -1.129463369933352e-05 0.000000000000000e+00 0.000000000000000e+00
-5.019683070040680e-05 -8.909786214505252e-06 0.000000000000000e+00 0.000000000000000e+00
-5.910179263922064e-05 -1.367948118367120e-05 0.000000000000000e+00 0.000000000000000e+00
-5.687555215470689e-05 -1.129463369931402e-05 0.000000000000000e+00 0.000000000000000e+00
-5.464931167004687e-05 -8.909786214731928e-06 0.000000000000000e+00 0.000000000000000e+00
-6.355427360799960e-05 -1.367948118347069e-05 0.000000000000000e+00 0.000000000000000e+00
-6.132803312367194e-05 -1.129463369930160e-05 0.000000000000000e+00 0.000000000000000e+00
-5.910179263922479e-05 -8.909786214940971e-06 0.000000000000000e+00 0.000000000000000e+00
-6.800675457647086e-05 -1.367948118332315e-05 0.000000000000000e+00 0.000000000000000e+00
-6.578051409227942e-05 -1.129463369928984e-05 0.000000000000000e+00 0.000000000000000e+00
-6.355427360800197e-05 -8.909786215117985e-06 0.000000000000000e+00 0.000000000000000e+00
-7.754409469836052e-05 -1.341754156221531e-05 0.000000000000000e+00 0.000000000000000e+00
-7.691171651287039e-05 -1.367948118319294e-05 0.000000000000000e+00 0.000000000000000e+00
-7.000119159497381e-05 -1.129463369928205e-05 0.000000000000000e+00 0.000000000000000e+00
-7.245923554473009e-05 -1.367948118322748e-05 0.000000000000000e+00 0.000000000000000e+00
-6.800675457647358e-05 -8.909786215250634e-06 0.000000000000000e+00 0.000000000000000e+00
-7.780603431934357e-05 -1.278516337671856e-05 0.000000000000000e+00 0.000000000000000e+00
-7.630967515156050e-05 -1.129463369927326e-05 0.000000000000000e+00 0.000000000000000e+00
-7.245923554473319e-05 -8.909786215328385e-06 0.000000000000000e+00 0.000000000000000e+00
-7.780603431933952e-05 -9.804104021818568e-06 0.000000000000000e+00 0.000000000000000e+00
-7.691171651286996e-05 -8.909786215346848e-06 0.000000000000000e+00 0.000000000000000e+00
-7.754409469836073e-05 -9.171725836327119e-06 0.000000000000000e+00 0.000000000000000e+00
